3 0.4703125 0.18828125 0.07109375 0.13203125
2 0.371875 0.2390625 0.03515625 0.0484375
2 0.38203125 0.2875 0.0171875 0.07265625
2 0.35859375 0.3515625 0.03828125 0.08984375
2 0.41171875 0.36015625 0.0234375 0.071875
2 0.45703125 0.29765625 0.0171875 0.0296875
2 0.36328125 0.484375 0.03515625 0.1453125
2 0.3234375 0.59609375 0.046875 0.1875
2 0.384375 0.6265625 0.0546875 0.19375
2 0.45625 0.68984375 0.05703125 0.19921875
2 0.5578125 0.62421875 0.04375 0.175
2 0.5046875 0.51171875 0.046875 0.1328125
2 0.53984375 0.41953125 0.02890625 0.08984375
2 0.58515625 0.3953125 0.02421875 0.090625
2 0.6125 0.46171875 0.03203125 0.1234375
2 0.63828125 0.378125 0.0203125 0.0796875
1 0.45234375 0.428125 0.11796875 0.265625
1 0.571875 0.12421875 0.03515625 0.06640625
1 0.52578125 0.2703125 0.08125 0.1640625
1 0.56875 0.2125 0.04296875 0.1140625
1 0.6140625 0.2421875 0.04609375 0.14609375
2 0.659375 0.19921875 0.01015625 0.05546875
1 0.62265625 0.13671875 0.02734375 0.0640625