2 0.42109375 0.8359375 0.078125 0.2796875
2 0.31875 0.903125 0.08125 0.19296875
2 0.6046875 0.44921875 0.02109375 0.11484375
2 0.65078125 0.26015625 0.0171875 0.05703125
2 0.66875 0.19921875 0.0140625 0.05
2 0.6625 0.1609375 0.01015625 0.03828125
1 0.51875 0.4359375 0.11640625 0.2671875
1 0.59921875 0.28046875 0.059375 0.14375
3 0.5296875 0.20390625 0.10234375 0.23984375
3 0.6125 0.11953125 0.03671875 0.10234375
1 0.58984375 0.1703125 0.0171875 0.08515625
1 0.6390625 0.1171875 0.0140625 0.05234375