1 0.39921875 0.465625 0.15078125 0.33515625
1 0.5359375 0.275 0.07265625 0.14921875
3 0.540625 0.1515625 0.05234375 0.10625
1 0.61875 0.096875 0.02421875 0.0484375
2 0.65859375 0.16640625 0.0125 0.04296875
2 0.45234375 0.253125 0.0296875 0.0765625
2 0.42265625 0.23125 0.02734375 0.0765625
2 0.5546875 0.37421875 0.02109375 0.10625
2 0.525 0.4734375 0.02109375 0.11484375
2 0.49609375 0.42421875 0.02109375 0.0921875
2 0.46328125 0.57265625 0.03671875 0.16484375
2 0.50078125 0.6625 0.0609375 0.234375
2 0.56171875 0.58046875 0.0328125 0.16875