1 0.43984375 0.1609375 0.0609375 0.0921875
3 0.55234375 0.18828125 0.0796875 0.19140625
2 0.34140625 0.95078125 0.0984375 0.0984375
2 0.2703125 0.9515625 0.04140625 0.096875
2 0.29453125 0.75390625 0.0953125 0.16484375
2 0.23125 0.65234375 0.0765625 0.19921875
2 0.328125 0.615625 0.03671875 0.10390625
2 0.4140625 0.540625 0.04140625 0.14375
2 0.45234375 0.71171875 0.05546875 0.184375
2 0.47265625 0.49140625 0.028125 0.0484375
2 0.48828125 0.3921875 0.03125 0.065625
2 0.5203125 0.3359375 0.02421875 0.0921875
2 0.53515625 0.4390625 0.01953125 0.1078125
2 0.54609375 0.625 0.05859375 0.19609375
2 0.5984375 0.43359375 0.02421875 0.109375
2 0.6 0.321875 0.01875 0.0296875
2 0.55625 0.35234375 0.02421875 0.065625
2 0.58046875 0.28984375 0.02109375 0.059375
2 0.640625 0.1859375 0.01171875 0.05390625
2 0.55390625 0.4453125 0.025 0.03828125