3 0.3546875 0.29765625 0.1328125 0.24140625
3 0.534375 0.265625 0.078125 0.16875
1 0.58046875 0.19765625 0.04453125 0.08125
1 0.6421875 0.1203125 0.02265625 0.05625
2 0.3390625 0.59375 0.06171875 0.20390625
2 0.40078125 0.646875 0.05546875 0.2125
2 0.45234375 0.7046875 0.05234375 0.2109375
2 0.48828125 0.51640625 0.03125 0.071875
2 0.43203125 0.49609375 0.03515625 0.0546875
2 0.3890625 0.484375 0.028125 0.1078125
2 0.475 0.440625 0.02109375 0.0671875
2 0.44609375 0.39453125 0.02734375 0.078125
2 0.52421875 0.48828125 0.0234375 0.1484375
2 0.57421875 0.43125 0.0234375 0.06640625
2 0.6359375 0.39140625 0.02109375 0.1109375
2 0.59921875 0.3875 0.01953125 0.071875
2 0.6625 0.3328125 0.01640625 0.06328125
2 0.57109375 0.33203125 0.028125 0.0609375
2 0.63125 0.31171875 0.01484375 0.0453125
2 0.46640625 0.2046875 0.01875 0.05546875
2 0.65078125 0.29140625 0.0140625 0.04921875