3 0.30078125 0.40078125 0.153125 0.284375
1 0.3984375 0.46640625 0.14921875 0.33125
1 0.53515625 0.27421875 0.07421875 0.14765625
1 0.575 0.1296875 0.03984375 0.06953125
2 0.425 0.23359375 0.02578125 0.07265625
2 0.3984375 0.22109375 0.02734375 0.07265625
2 0.57421875 0.3265625 0.02265625 0.05390625
2 0.46171875 0.56796875 0.03125 0.17578125
2 0.50078125 0.65859375 0.06640625 0.234375
2 0.56328125 0.5796875 0.0328125 0.17890625
2 0.52421875 0.47265625 0.02265625 0.11484375
2 0.496875 0.42265625 0.02265625 0.08984375
2 0.66796875 0.13046875 0.01171875 0.03671875